.Random.seed <-
c(403L, 240L, -389173729L, 138083977L, 473930080L, 659983880L, 
-571418380L, 1915075207L, 1185706897L, 628512254L, -1450736758L, 
-1964710336L, -709936631L, 892075495L, 1419705140L, -85222428L, 
1557440646L, -1499953985L, 1151772038L, 538604814L, 1226900591L, 
1723175331L, -813774598L, -1330293517L, 721342676L, 1544770184L, 
-2109100166L, 720180475L, -528367592L, -1649857157L, 761773552L, 
1421769119L, 1803272099L, -627884834L, -1276613606L, -2020229265L, 
-365155418L, 1010992622L, -1951012092L, -623901527L, 1803027242L, 
642710685L, 1645749118L, 340760843L, -1414379644L, 83820434L, 
-41960489L, 1013909174L, 2038351123L, 1452411721L, -121893169L, 
1835985740L, 614787120L, -38288610L, 1950037488L, 1254175427L, 
589230804L, -2107592949L, -1399226901L, 1582984283L, -1440409655L, 
301127735L, -1954533950L, 1639522033L, 2115480096L, 1054342631L, 
1883629613L, 1739035082L, -477289395L, 1662007545L, -247581096L, 
1964649001L, 346921622L, -338444786L, -219878722L, 1652662888L, 
-833715964L, -1813369056L, 1503232593L, 22990949L, -152837702L, 
1512787837L, -1566063225L, 1402455086L, 2003499907L, -1430049916L, 
-1726411084L, 534201631L, -1137807448L, 1705938078L, 342804545L, 
-551094008L, -1192601L, 635748932L, 1441864504L, 1237654905L, 
1219853190L, 1297475524L, 748831885L, -452952959L, -1530226214L, 
1179717844L, -701987518L, -92004768L, -1415985269L, -1585460295L, 
-195331897L, 1372441981L, 2135611923L, -974620396L, -1900852970L, 
1311215651L, -1791230131L, 110998601L, 1979820864L, -1692003338L, 
-2014542860L, 272841598L, 732414701L, 514785474L, -657987961L, 
-279250479L, 1905742439L, -2110893212L, 60295857L, 1249072892L, 
-1237439916L, 248960617L, 443621326L, 130871540L, -180629971L, 
1859127193L, -739952237L, -1254035148L, 647073878L, -1046411173L, 
-481468122L, 1782920903L, -1132465365L, -1650170707L, 1576954209L, 
-81803319L, 1805988473L, -1765639687L, -1827265371L, -118200665L, 
420858221L, -1150066233L, -2046313926L, 986410551L, -116936811L, 
-2011037895L, 1371085398L, -1477705101L, 1336791971L, -1508326001L, 
1019031071L, 2047015973L, 768227459L, 566055052L, -1488287279L, 
449522089L, 953022341L, 300088950L, -1383820644L, 530253843L, 
1355432825L, 1578930672L, 2133449262L, 1023338807L, 797144642L, 
1228018097L, -458672516L, 1218043683L, -693715471L, -1105396924L, 
827241301L, 1784446165L, 386863515L, 205538585L, 1915841124L, 
-744716242L, -642732062L, -606495905L, 1020711240L, -1882923702L, 
-481585612L, -331686010L, 1051729805L, -2079525558L, -1126687770L, 
659912391L, -1463858088L, -1099748196L, 606418382L, 1340416124L, 
-335176647L, 2068133393L, 325168342L, 1376570141L, -1847524804L, 
1350628966L, -883464481L, 1517678644L, 76686935L, 1805950826L, 
-100207400L, -1387614066L, 472865085L, -471840644L, -1524364855L, 
1661870074L, 1822762027L, 1899312677L, 1428111139L, -179503032L, 
1829668257L, 1403917044L, -1063812394L, 596156468L, 925726997L, 
-2054296212L, 2042589938L, -1424039667L, -1018124952L, 1819501964L, 
-1678251251L, 370288400L, -1803584223L, 1171906516L, 781824451L, 
341330599L, 990554986L, 372984589L, -685198109L, 261946093L, 
-1089933235L, -2057171201L, -1072938705L, 156597124L, 1137788854L, 
-2083533270L, 1184522513L, 682284132L, -1764036317L, -679420656L, 
492734004L, -1678554020L, -411923627L, -2011398340L, 1313512884L, 
338969070L, -2099073350L, 1231070742L, -655509751L, -1781596475L, 
818195806L, -1655070503L, -702047807L, 2018091613L, 313059981L, 
-73025287L, 1891410916L, 626879272L, -48188331L, -604943723L, 
1184134425L, -1006342162L, -1997266555L, 450302354L, 2060066788L, 
-1627621156L, -658717157L, -58997614L, -823199558L, 875388021L, 
-138690668L, 747705215L, -2125154443L, 597532727L, 1404355378L, 
1980161290L, -1711314251L, 589617733L, -596484420L, 1331963267L, 
-1068848236L, -1604369509L, -1445323350L, 953422590L, 919953760L, 
619672756L, 836501671L, -1342166903L, -1774301489L, -360740459L, 
-1631012601L, -112147097L, -969782765L, -1487477466L, -1562582521L, 
1737886809L, 387191609L, 1658714640L, 942010219L, 13017940L, 
-2004572598L, -1640964074L, -1790743869L, 283311846L, 984839639L, 
-1643910870L, -2042364505L, 1898380369L, 657944133L, -537057642L, 
-814567924L, 1677446441L, 1554853726L, 1885402453L, 2132991045L, 
1064701073L, -630501571L, -68805093L, -1180232729L, 1979969006L, 
-1498099653L, -450396977L, -791221517L, -144222788L, -8190691L, 
-2258898L, 665885122L, -1859476686L, 1975103025L, -1565819657L, 
-347106966L, -1460525181L, -1328709743L, -1006084994L, 795211767L, 
-879886716L, 234525052L, -1967455772L, 1720262812L, 1318105281L, 
1184442385L, 707185134L, 532558500L, 1715399154L, 900274823L, 
2055358305L, -1596286362L, -2108474212L, -2093604568L, 1344408800L, 
-847807618L, 592675146L, -746135767L, 460852482L, -593017262L, 
-1264239722L, 1620157775L, -296438671L, -1087537608L, -2004789540L, 
1897624151L, 15930031L, -59775592L, 2097436861L, -226516369L, 
-974903350L, 653734970L, -1721606992L, -1533897862L, 1212005033L, 
327477651L, 1032052603L, 664405440L, 183003455L, -1021833168L, 
532371965L, 914810870L, -227635423L, -1886117528L, -1930200994L, 
-1821207596L, -1003405020L, -1612964027L, -1895279575L, -1572756318L, 
-1291762105L, -1277659895L, 470300006L, -1604863247L, 543907986L, 
316470176L, 1140711010L, -1628504710L, -1049785742L, -1138308623L, 
1713285259L, -183410319L, 2032146671L, -614223179L, -1281852083L, 
712839659L, 495711267L, 752663046L, 1131272820L, -2105468170L, 
-808786916L, 515679349L, -1940149129L, 1624134278L, -2085382123L, 
1018930213L, 1938282432L, 843389614L, 1050566785L, 1682963272L, 
1428762961L, 1856222761L, -25946584L, -224823198L, -1777156944L, 
1916935907L, 1151476778L, 1338490247L, 2129704077L, 794628603L, 
-293159804L, 293529114L, -1081231562L, 127573529L, -1846686831L, 
124644846L, -2112152134L, 705192484L, 850664209L, -1103536593L, 
-294893167L, -1121993710L, -949996637L, 1194895481L, -1283666030L, 
1225485528L, -2108879308L, -1607729064L, -620363925L, 797690861L, 
-1716692030L, -766440347L, 925631744L, 1135974852L, -83467317L, 
-1316024958L, -373712105L, 308274951L, 1665918201L, -711243224L, 
1188504450L, 835133845L, -1670921695L, -1617763281L, -2135494980L, 
751368522L, 1994711100L, -1688371410L, -637351307L, 72626025L, 
1568714686L, 97022193L, 1898705434L, -809965028L, -2140174341L, 
150799959L, 1812037967L, -1540449956L, -1412846462L, -1756354271L, 
1344650041L, 2052138091L, -1390908427L, 2030432165L, -887138124L, 
1559702865L, -1654054735L, 1071980374L, -1599940698L, -1557880449L, 
-1968611110L, 1897555536L, -1227230612L, 613429764L, -124814615L, 
-1632561396L, 1393089742L, 2090711167L, -1217586017L, -526696591L, 
-836987913L, -1258369093L, 2050060854L, -548752041L, 163796997L, 
-1084195126L, 2080376263L, 410315441L, 1699271201L, 1922892462L, 
-2075427009L, -635278904L, -2136412509L, 1184490329L, -282222988L, 
-143599442L, -887370548L, -2020410899L, -1981545704L, -1366350625L, 
7738848L, 679706439L, -1496668635L, -474004216L, 1114716381L, 
-607045458L, -1357552121L, 1178645292L, 1809260830L, -67292653L, 
-218410039L, 252873815L, -1282792751L, -544975103L, 793038818L, 
-2055681869L, -1753483177L, 1099722201L, -30226223L, 309351709L, 
1996124872L, -1470334522L, 804271076L, 1568365201L, -1298691042L, 
-201099220L, 1459174650L, 135840565L, 1039599614L, 1137909205L, 
-307174111L, 115174590L, -1307990039L, -1705047182L, -1864905672L, 
-1005538678L, 7955554L, -881506587L, 1748265745L, -540380175L, 
210618615L, -1090329435L, -1141879792L, -870285341L, -1492856603L, 
-1322256416L, -343834189L, 1122390075L, -358830299L, -1690129861L, 
1160320362L, 1953733789L, 971835443L, -744578731L, -500875181L, 
-952625309L, -224001538L, 1427350962L, 633116567L, -1305258143L, 
990711439L, 507073482L, 976614319L, 1478676293L, 1943296606L, 
-951785925L, 1341675222L, 1695362136L, -1368984469L, 602567800L, 
1347400887L, 947050788L, -921063794L, -1183450325L, 1402465750L, 
-1136504137L, -721909334L, 1921844934L, -1035732872L, -2080386265L, 
